0:rotation: [ 0.38208204 -0.6817319  -0.13565474], 3.7323741794723313, translation: [  9.69800641   4.97287784 -19.9484883 ]
1:rotation: [ 0.56717176  0.7684814  -0.24590413], 3.802431450117833, translation: [-7.07578312 -5.16748187 -6.16063282]
2:rotation: [ 0.63378737 -0.94205618  0.51392419], 2.7064600355272224, translation: [ 3.07900355 18.49842032  8.92330895]
3:rotation: [ 0.23532217 -0.36089445 -0.63984172], 2.6531268562712147, translation: [-10.67782505  -5.88918861   1.35348375]
4:rotation: [ 0.42430975 -0.51955493 -0.59615535], 1.636794808337723, translation: [19.12279419 -8.56494595  9.80040295]
5:rotation: [-0.67329511 -0.54657068  0.77883162], 2.1268494119806327, translation: [-16.39906833  12.49396797  18.71098304]
6:rotation: [-0.57152299  0.82068944  0.09824306], 2.9445117937411562, translation: [ -2.15226437 -16.74609813 -19.68600175]
7:rotation: [ 0.25478595  0.76797825 -0.43935421], 1.977647453887231, translation: [-6.37360727 10.38788529 16.99130895]
8:rotation: [-0.5269088   0.34739301 -0.44961717], 3.522017308587168, translation: [ 18.6375898    0.62226995 -19.25967018]
9:rotation: [0.89183895 0.82362114 0.17839965], 1.6497198813845289, translation: [ 8.51811485 17.62947792 12.95324099]
10:rotation: [ 0.24471003  0.55155562 -0.69707679], 0.9370365234974448, translation: [16.11498991 -7.45860721 14.50880403]
11:rotation: [ 0.09523986 -0.39543428  0.77248409], 1.6150663250351986, translation: [11.77669721 -2.30693788  4.38416622]
12:rotation: [-0.72292104 -0.26618101  0.38153517], 0.3133509260808929, translation: [ 19.41450265 -12.56967374 -18.45217867]
13:rotation: [-0.60702366 -0.48516586  0.7041618 ], 4.3439976028371925, translation: [ 1.84949877 19.12759639 16.52749652]
14:rotation: [-0.88788532  0.0803568   0.09896927], 3.232625430042342, translation: [  5.05288769 -10.22749811  -1.28485508]
15:rotation: [-0.20069021  0.56729449  0.02400814], 3.6117430849378107, translation: [-7.75926832 -9.81567252 10.6147108 ]
16:rotation: [ 0.38500046 -0.8264415   0.97020237], 4.55090163375117, translation: [ 4.67149553 19.87723651 11.29411069]
17:rotation: [-0.81497307 -0.75657668  0.16796406], 2.8156428113111893, translation: [-0.45993999 -4.84357012 13.70485251]
18:rotation: [-0.65835477  0.82891369  0.67101262], 4.232262933647999, translation: [ 7.36524728 13.17748228 15.36600708]
19:rotation: [ 0.52213861 -0.66448991  0.10227258], 6.0643071662200105, translation: [ 5.09882982 -9.59422967 -3.80765136]
20:rotation: [ 0.0534587  -0.96488211  0.1707242 ], 0.3375478842309468, translation: [-18.36565272  -3.53921879  11.15910867]
21:rotation: [ 0.20661958  0.50500143 -0.56260247], 4.323723782492766, translation: [  0.72521339 -10.79556899  -8.05145648]
22:rotation: [ 0.56014175 -0.13170721 -0.0201824 ], 0.6102612010422966, translation: [-7.75552334 19.0362286   9.3743544 ]
23:rotation: [ 0.71181775 -0.56837917 -0.70090751], 3.4493060936537288, translation: [-5.48965173  2.40232117  8.71505603]
24:rotation: [-0.71915545  0.72609604 -0.67086621], 3.7780643766286905, translation: [15.2707669  11.72982388  2.98258365]
25:rotation: [ 0.55929971 -0.28933393 -0.24805794], 2.5367446681912367, translation: [ -6.02933786 -11.77664948 -16.44954086]
26:rotation: [-0.10131297 -0.21080735  0.39022189], 1.3038236602131972, translation: [  8.44755368 -12.00226453  16.09816195]
27:rotation: [ 0.11167206 -0.85980271 -0.84644476], 0.6029332621696287, translation: [ 1.82379207 -3.95334969 16.80693424]
28:rotation: [ 0.25222118  0.42707964 -0.47817335], 3.272518745500359, translation: [ 5.45707215 -4.40448161  1.44633106]
29:rotation: [-0.13642345 -0.06200388 -0.88104184], 4.821007262126092, translation: [-19.50780314  -2.67381506 -19.20598986]
30:rotation: [-0.36567615  0.24615387  0.25706626], 5.722543261098899, translation: [-2.17818325 -9.56309423  4.64619783]
31:rotation: [-0.97825091  0.74690066 -0.20583607], 2.1186103193234516, translation: [15.8136482   9.23709527 13.7329128 ]
32:rotation: [ 0.27676361  0.50137118 -0.05038208], 4.005483927758384, translation: [ 10.78384258  -0.29724443 -17.09656461]
33:rotation: [ 0.43343003  0.3553794  -0.35563999], 1.6622592460154355, translation: [18.64854221 10.84857146 14.96094165]
34:rotation: [0.14274721 0.08037312 0.94378313], 4.4356531816333336, translation: [-1.17666771  3.13240873 -8.54584101]
35:rotation: [ 0.6783046   0.20202295 -0.52057076], 1.1922349136419736, translation: [-4.86838876 13.49065979 18.19710799]
36:rotation: [ 0.1241651   0.30176628 -0.59149024], 5.162597187873953, translation: [ -9.4542211    1.05664645 -18.7246184 ]
37:rotation: [0.97927784 0.01202764 0.46878259], 4.335393875329712, translation: [18.95845194 15.8187584   4.52020519]
38:rotation: [-0.42369128 -0.35938036  0.51856544], 2.938060819286703, translation: [18.24128128 18.35513638  7.90914286]
39:rotation: [ 0.87558149 -0.24381204 -0.22100453], 1.6563701926534589, translation: [-14.73495442  -6.61446749 -13.18215043]
40:rotation: [ 0.08383031 -0.16601232 -0.6731988 ], 2.4554150866186553, translation: [ 14.69378687  12.38741774 -14.98796394]
41:rotation: [-0.63222295 -0.93815832 -0.50882359], 4.087022453428864, translation: [ 5.75189608 15.43169712  4.07474316]
42:rotation: [0.70727855 0.81048613 0.31918235], 3.9052276858632484, translation: [10.17561338  3.04909844  3.36151217]
43:rotation: [-0.43104006  0.25317323 -0.64069498], 4.255845977840019, translation: [ 6.2099376  -2.95486241 13.80990772]
44:rotation: [-0.44781826 -0.65798814 -0.269803  ], 4.451396378199077, translation: [19.62593797  2.15061751 12.44388309]
45:rotation: [-0.47181581  0.36252407  0.67394255], 4.7321244391403265, translation: [11.49855869 -9.59881816 13.19057845]
46:rotation: [ 0.51500558 -0.84878187  0.28285707], 5.992130413855801, translation: [14.74438079 -6.91770944 -5.13161591]
47:rotation: [ 0.15124857 -0.76847932 -0.76747802], 0.6753259083910332, translation: [ -6.26797918 -11.2005627   18.87156101]
48:rotation: [ 0.31516517 -0.66563633  0.69253373], 2.608193053698239, translation: [ 3.45869379 -1.06266505 15.71151306]
49:rotation: [-0.51099796 -0.64292441  0.4536283 ], 1.0348606300836973, translation: [-16.89471883   5.85786072 -14.62884112]
50:rotation: [0.90359731 0.14231256 0.53025328], 4.348590327078328, translation: [ -5.03660393 -18.08057318   9.45481917]
51:rotation: [ 0.14263887 -0.26271682  0.42105334], 2.030240104675016, translation: [-13.98558913 -14.42468869  12.21007461]
52:rotation: [0.64799763 0.22695761 0.94664021], 3.239981319257242, translation: [-1.84712326 -5.68844448 13.38014677]
53:rotation: [-0.3621057  -0.46407388  0.30577323], 5.39262430862534, translation: [17.75707275 -7.11508507 -6.51341303]
54:rotation: [-0.98321312  0.80662414 -0.17292749], 2.482441839617195, translation: [ 12.5258671    1.93565001 -14.12562337]
55:rotation: [ 0.53588177 -0.85552921 -0.47577177], 0.41577251165559836, translation: [  3.72369475   7.51094803 -17.98553014]
56:rotation: [ 0.52779167  0.79886011 -0.88698893], 4.2522993341143, translation: [ -2.49949452 -13.64104696 -16.79372448]
57:rotation: [ 0.98236181  0.87470344 -0.82465243], 4.598046570041296, translation: [-6.93618266 11.28462569 -5.54516376]
58:rotation: [-0.47830157 -0.26868494  0.44800341], 1.595123763810013, translation: [ 10.43608262  -2.14461716 -12.83411118]
59:rotation: [ 0.79115586 -0.1162841  -0.46902254], 1.573200384871769, translation: [-11.10268384 -15.0647161   11.88250964]
60:rotation: [-0.89540964  0.81582798 -0.62268695], 5.0580519579713075, translation: [  9.30384345  -7.46981487 -19.35427879]
61:rotation: [ 0.16396095 -0.38876989 -0.51149662], 1.2920130891518593, translation: [17.514196   -6.98333313 12.51773543]
62:rotation: [0.47265506 0.37469298 0.95560461], 0.9295953968286662, translation: [-13.9957265   15.8653525   14.77906578]
63:rotation: [0.82883385 0.72951448 0.87375511], 4.025250414832477, translation: [-8.82106354 -2.77353793 -7.15076127]
64:rotation: [ 0.42334423 -0.35027048 -0.08726223], 2.3448106099071713, translation: [ 13.84961476 -15.0755337    3.51903277]
65:rotation: [-0.78675123  0.18909161  0.84660165], 0.6033360348451655, translation: [11.30627081 -7.04065129 -4.70401357]
66:rotation: [-0.14482484  0.47340989  0.56289569], 4.977904589286762, translation: [-1.25411137 16.24476421 15.81334825]
67:rotation: [ 0.63177882 -0.80136701  0.15727531], 1.1434079206914605, translation: [-19.21753824   0.79933136 -10.51667817]
68:rotation: [0.6074925  0.71550655 0.51664122], 1.111761310445929, translation: [-18.45642438 -13.03877261   5.98903024]
69:rotation: [ 0.06550338 -0.40860014 -0.51896241], 3.7166871638224173, translation: [-7.82367169  9.95436114 -6.38364313]
70:rotation: [-0.65497157  0.94081974  0.81026477], 0.046727801504844256, translation: [  5.3506948  -14.82870431  17.28789587]
71:rotation: [-0.54327356  0.86931558  0.13876932], 0.12026393599747881, translation: [-14.94090879 -13.955826     4.54343851]
72:rotation: [0.79070025 0.39158543 0.58080629], 0.4513083854578172, translation: [-19.21561656  -7.01327354   5.74796429]
73:rotation: [ 0.87707081 -0.28307602 -0.35811713], 6.146274745283301, translation: [  2.31907574 -14.36478774 -16.27611952]
74:rotation: [-0.39308023  0.30675696 -0.7027769 ], 0.7870692692431628, translation: [ 13.47904179 -18.82155081 -11.01323503]
75:rotation: [ 0.62359015 -0.82470317 -0.03382106], 5.000304193659528, translation: [-4.12991337  7.01365633  9.76309297]
76:rotation: [-0.42815762 -0.69320084  0.08821889], 0.4225422644697654, translation: [-2.47155483  1.60481237 16.02701938]
77:rotation: [-0.37761656  0.73203658 -0.59089152], 1.0546323824398518, translation: [11.13101821 -4.86423704 -9.12037713]
78:rotation: [-0.70540438 -0.43555571  0.74185932], 0.7719155543135918, translation: [13.39595544  2.17572992  0.890538  ]
79:rotation: [ 0.16017053 -0.80289609  0.43789002], 5.2263611431445005, translation: [  8.0063961  -12.01624837  -0.17292162]
80:rotation: [-0.00555469 -0.65225871 -0.38454139], 0.3743777293736407, translation: [  6.0794787  -19.61108563   3.73343545]
81:rotation: [-0.88857631 -0.3118854   0.14829611], 1.5581546947576854, translation: [15.82585497 18.13489275 15.16351679]
82:rotation: [-0.40748162  0.93417336 -0.87354007], 4.362768767750905, translation: [-5.24746756  9.90742124 -0.93194509]
83:rotation: [-0.27168686 -0.88299046 -0.63201724], 4.30634002198814, translation: [ -8.58257487 -11.57766908  -1.19953511]
84:rotation: [-0.65673902 -0.36256576  0.04872122], 3.602880441341389, translation: [-17.06036387  -5.60798199  -7.0228377 ]
85:rotation: [ 0.49794838  0.15611161 -0.39849625], 2.975275453580345, translation: [-1.97845006 12.8427026   0.22144563]
86:rotation: [-0.76475963  0.52407681 -0.43352281], 5.1333649604251805, translation: [-3.3243172   5.24351334  2.08396334]
87:rotation: [0.14189374 0.38014423 0.03051393], 2.705087423552722, translation: [ 14.5474924   -4.20706007 -10.2531379 ]
88:rotation: [0.27601327 0.45690225 0.94976949], 4.727067183596338, translation: [ 2.28413584 18.98822059 -1.45452337]
89:rotation: [ 0.32469759 -0.21228749  0.49677426], 5.029654806739, translation: [ 16.55321037 -19.22304155 -16.35484234]
90:rotation: [-0.16845232 -0.22938915  0.62525319], 3.006006850322054, translation: [ 3.50300784 11.4835349   5.71193089]
91:rotation: [-0.56128844  0.73942678  0.68248489], 1.7935234894686312, translation: [ 7.81621118 11.35542708 13.31167367]
92:rotation: [ 0.4410012  -0.82426567  0.0883183 ], 0.9546410881225786, translation: [ 10.48057394  19.86617333 -11.18465566]
93:rotation: [-0.00416858  0.89267952  0.20981488], 0.16637591925356998, translation: [ -8.06593494  10.11188722 -17.83281193]
94:rotation: [-0.76850825  0.10774178  0.09297283], 2.6907850158778626, translation: [ 17.58901211 -11.46236662 -13.36633274]
95:rotation: [ 0.83790507 -0.8993304  -0.7573747 ], 1.6855951100449003, translation: [-16.68598008  -7.74354346  -2.55188117]
96:rotation: [0.2529424 0.3035525 0.6897779], 1.96176312657456, translation: [-4.951921    4.89122314  3.31601099]
97:rotation: [-0.61855907  0.77195385 -0.43962067], 1.4387711044390636, translation: [18.49048937 17.3536449  13.70387147]
98:rotation: [-0.49218199 -0.92374503  0.15790086], 2.3851998377317347, translation: [-9.06222829 18.32865617 -9.28834523]
99:rotation: [ 0.75655173 -0.33435913  0.01917358], 4.7053612280996475, translation: [ 11.14174272 -18.12498255  -4.56639471]
100:rotation: [ 0.59776619  0.12517936 -0.95312107], 0.9937104964669835, translation: [ 2.06642631 -5.91985262 -5.65338036]
101:rotation: [ 0.09282831  0.0310123  -0.99667831], 6.226862334073792, translation: [-0.03759213 19.09367711  8.86417816]
102:rotation: [-0.44665064  0.15932373 -0.66386912], 5.52287101989928, translation: [-14.13054141   7.89192313  -0.11399686]
103:rotation: [-0.61170772  0.64437489 -0.15724656], 2.7493382944501064, translation: [5.49774735 0.40053684 3.51241865]
104:rotation: [ 0.00382707  0.17714922 -0.70367728], 2.1033191590451366, translation: [12.05902846 18.57317061 -4.49394193]
105:rotation: [0.27737633 0.66877749 0.75076803], 2.924470232011525, translation: [12.95971017  8.00860257 -2.15266   ]
106:rotation: [0.76669347 0.55280515 0.43817211], 0.06800230208417216, translation: [-13.53782081   2.261834     6.95659456]
107:rotation: [-0.74482043  0.91591292  0.97457594], 4.710623751991586, translation: [ 13.99991179 -18.15095402  14.1689936 ]
108:rotation: [ 0.72547155  0.61200869 -0.14486089], 2.584734154867909, translation: [ 4.00424237 -2.1591628   5.19616805]
109:rotation: [ 0.88699631 -0.35881831 -0.88637317], 0.6064545190851002, translation: [-16.71579978  -8.37687672 -10.30800508]
110:rotation: [-0.12188518 -0.27182249 -0.11209969], 3.009290064868243, translation: [ -1.40977134  17.81687268 -16.91023884]
111:rotation: [ 0.86572511 -0.5325166  -0.34391534], 5.163519781683331, translation: [-7.65527742 11.0757016   7.2695624 ]
112:rotation: [ 0.39016726 -0.18491356  0.98921028], 5.664331957679785, translation: [-17.87265937   1.03086698  -7.47906238]
113:rotation: [0.89208521 0.00666117 0.68738602], 3.517911105925415, translation: [  9.48433551   5.76790782 -19.84493519]
114:rotation: [0.96569957 0.4421567  0.86549169], 4.359225800508971, translation: [16.36760603 -8.28078558 14.17078791]
115:rotation: [-0.29305362  0.42690669 -0.12545082], 2.207217395789703, translation: [14.87489968 -5.72389321 -7.84885125]
116:rotation: [0.79230485 0.96426331 0.77515122], 3.0433422574944062, translation: [16.26910849 19.88719343  1.21959732]
117:rotation: [-0.67620873  0.81113072  0.05335142], 0.6734515881457768, translation: [17.00522981 -3.01600173  6.06595986]
118:rotation: [ 0.56755021  0.40385373 -0.07396919], 5.58120828576103, translation: [-9.88253891 18.56880809 -5.08859528]
119:rotation: [-0.10729422  0.51164812  0.38063956], 4.701404597710625, translation: [ 16.50569193 -19.07561722  14.85832359]
120:rotation: [ 0.92637263 -0.24325663  0.60258456], 0.1040406157466644, translation: [14.17568286 11.68832003  0.56621827]
121:rotation: [ 0.5569176  -0.81305875  0.89756758], 5.270698988853522, translation: [ 15.48130411 -15.06354776 -15.86813652]
122:rotation: [-0.89482064 -0.32140497 -0.25615285], 5.775565830837792, translation: [-16.78934344 -19.61566981   0.31666461]
123:rotation: [-0.89846865 -0.83095208  0.35437712], 1.327184896355652, translation: [-12.05480686  -2.36919369  15.97888105]
124:rotation: [ 0.14542459 -0.52811105  0.58947215], 5.6631751973330475, translation: [ 1.75990674  4.44553834 16.95038775]
125:rotation: [ 0.38790127 -0.98281108 -0.39094888], 2.3071090730699777, translation: [-17.79890504  18.64527525  -1.79607397]
126:rotation: [ 0.70822152 -0.0735238  -0.12902773], 4.836777693729545, translation: [-5.84573449 -8.30228646  6.81873669]
127:rotation: [0.65957415 0.8342191  0.63628199], 4.689184330034789, translation: [ 1.97930239 -5.88709175  9.26215064]
128:rotation: [-0.20679975 -0.42939351  0.98140647], 4.450790638798792, translation: [-5.5557335   4.7775301  16.44953671]
129:rotation: [ 0.62649584  0.844697   -0.02177732], 5.7371758133506505, translation: [17.39682573 19.74628276 10.7519721 ]
130:rotation: [ 0.9422481   0.10531566 -0.16751537], 3.3436382104494684, translation: [ 18.24656526  -2.7155554  -18.77895404]
131:rotation: [ 0.8119325   0.99396061 -0.74113408], 3.315621016278657, translation: [ -3.24582703 -11.20824893   4.43116924]
132:rotation: [ 0.74402821 -0.9914866  -0.44255994], 0.08497397844866665, translation: [-18.94918099  14.11959266  10.88595323]
133:rotation: [0.60148668 0.67647307 0.09403709], 0.21978362293661996, translation: [-6.0487596  17.44732076 -6.23063695]
134:rotation: [ 0.05355067 -0.19682411 -0.38392218], 4.8555547656258415, translation: [ 2.01501362  4.67082548 11.158934  ]
135:rotation: [-0.17696319 -0.30963075  0.07386924], 4.217786966642119, translation: [-11.20690171   2.0539674  -14.52000123]
136:rotation: [ 0.06972375 -0.06713485  0.04284811], 0.867963528128139, translation: [13.00570734  5.02896189 -8.62471824]
137:rotation: [-0.75011588 -0.40328395 -0.75258578], 5.721033594167264, translation: [-12.03887727   7.95472591 -11.07835784]
138:rotation: [-0.90963749 -0.19862038 -0.08460935], 3.8846913166287953, translation: [ -4.35476226 -10.23648134  14.39801581]
139:rotation: [0.53771984 0.44172828 0.60004061], 4.964298328301593, translation: [  2.45473564  19.22624205 -18.92754353]
140:rotation: [-0.01225758 -0.29116687 -0.93066195], 5.833660045922097, translation: [ 7.26240551 18.41567081 -2.37027762]
141:rotation: [-0.84616508 -0.76325149  0.03466645], 0.1369056866287302, translation: [  7.12197768   4.04590127 -16.07639661]
142:rotation: [0.54999473 0.58003426 0.17622842], 0.46662156864818, translation: [ -3.21094641   9.62221416 -18.68207016]
143:rotation: [-0.48628855  0.26301438  0.15770036], 3.310272964681393, translation: [-18.88040578  11.63755987  10.64210864]
144:rotation: [0.88756168 0.43131818 0.10663842], 2.6631394998623885, translation: [-15.69269461  13.4465153   -8.58226053]
145:rotation: [ 0.42548814  0.46785252 -0.44941397], 6.058707570945463, translation: [-1.77845446  5.38633144 -2.15411   ]
146:rotation: [ 0.45259932 -0.61450061 -0.75671191], 5.602057959577562, translation: [ 3.08726972 12.62011346  1.40414022]
147:rotation: [0.82993785 0.4221432  0.2058904 ], 0.07800900788573088, translation: [-14.37032691   2.67298018   2.50073711]
148:rotation: [-0.06784435  0.94584043 -0.99733636], 1.071822057397162, translation: [12.18141677 -0.74533223 10.47627492]
149:rotation: [0.46303746 0.45900879 0.65643326], 0.3649301163436288, translation: [ -2.41296884 -14.31820282   2.47954659]
150:rotation: [ 0.60728075  0.26364508 -0.62709941], 2.6270771340363335, translation: [-7.92444884 -5.0212936  12.57378206]
151:rotation: [0.73168191 0.53768335 0.40701646], 4.06308651245493, translation: [-17.0712291   -0.53506529  10.60855188]
152:rotation: [-0.99610364 -0.73363866  0.60127202], 3.4256615468675466, translation: [  5.07906533 -13.60703954  16.85961061]
153:rotation: [-0.21602915  0.4039537  -0.61789954], 1.4651953908219761, translation: [  8.19530582 -17.54566176  11.66298803]
154:rotation: [-0.08892809  0.9032354   0.70802523], 2.501451984205831, translation: [-11.54756075  -6.69998662  -0.46748586]
155:rotation: [ 0.04173679 -0.67973856 -0.5504836 ], 2.651186709503355, translation: [-15.44285621  -5.44129625   4.32659324]
156:rotation: [-0.41599584  0.75075223 -0.71361177], 4.2173299889575135, translation: [-12.72502088   2.68765178  -0.67475494]
157:rotation: [ 0.34475562 -0.34460175 -0.28132265], 5.797475114845207, translation: [ 12.95807202 -13.40631755   2.02162196]
158:rotation: [ 0.5461379   0.40141414 -0.04939699], 4.296540722456066, translation: [ -8.33536997 -16.11408095  17.88390315]
159:rotation: [-0.06103026 -0.1429095  -0.94630575], 3.8345721241501036, translation: [-19.51537964  10.39178105  -0.70886618]
